4,65,61,93,84,63,46,44,94,34,95,86,8,9,73,50,82,25,66,35,62,27,17,24,57,19,51,85,78,11,0
38,3,30,90,64,54,14,7,96,77,72,58,26,15,39,48,10,45,70,33,69,53,76,81,2,91,52,16,21,56
98,22,32,18,97,74,6,29,20,40,80,41,87,42,71,83,12,23,37,47,99,1,60,67,55,43,79,59,88,75
68,92,31,89,28,49,5,36,13
---
4:93,79,26,6
18:91,97,54,9,3
5:8,9
31:61,39,6
42:83,1,99,57,16,29,47,37,7
48:65,39,33,1
87:21,84,19,72,2,8,4
45:23,90,70,10,7
21:69,87,52,16,5
66:19,47,35,2
10:73,81,17,80,54,44,62,45,4
95:32,61,98,8,67,86,3
96:22,77,
8:5,95,28,87,9,8
57:42,91,34,77,9,24,1
61:31,95,27,6,35,92,93,6
37:50,16,11,4
86:81,88,27,72,95,
72:87,6,86,75,77,5
76:30,90,19,53,2,74,8
0:22,38,1
40:97,17,2
75:34,22,72,44,9
25:41,11,46,51,32,70,82,29,74,6
65:15,23,33,48,91,61,
90:23,76,45,64,30,4
70:17,55,93,33,45,63,2
39:31,6,23,48,64,1
14:26,54,
2:53,20,76,87,91,8
49:17,
28:69,
55:70,59,64,43,6
62:91,10,29,27,3
23:65,90,45,39,22,44,8
50:37,97,82,7
11:93,25,71,92,37,0,7
1:22,38,42,9
59:32,46,56,5
53:2,85,76,6
24:77,83,57,1
54:79,18,10,56,69,14,64,4
60:29,6
79:54,32,4,4
17:49,70,10,40,98,27,2
56:38,43,67,59,54,21,9
80:77,10,2
68:91,31,9
98:82,95,41,17,56,2
16:42,37,52,9,2
77:84,24,80,93,57,99,72,9
29:60,97,42,62,20,2
3:99,38,49,93,47,3
41:20,25,98,27,94,8
67:88,56,60,95,5
43:56,84,55,7
19:52,66,87,76,12,92,57,5
7:6,14,9
78:97,85,38,45,1
82:58,38,98,50,2
15:65,26,99,3
47:66,99,42,3,4
52:19,21,91,1
97:40,78,88,29,18,50,46,30,35,74,5
58:82,97,26,7
30:6,76,91,97,90,
32:74,59,95,22,79,25,35,1
35:69,97,61,32,66,6
22:27,1,0,46,96,75,23,32,9,9
44:63,12,23,10,91,90,46,75,47,54,9
63:44,70,84,4
69:21,28,35,89,53,54,3
9:16,18,57,22,8,7
27:22,86,61,89,62,41,1
81:86,10,73,2,7
26:14,15,93,58,
74:32,6,97,33,25,7
34:75,57,20,95,9
85:88,53,89,78,5
83:42,84,24,71,23,1
38:56,1,3,82,0,7
46:59,22,25,97,44,93,6
94:5,1,88,75,12,41,34,4
89:85,69,2
6:30,39,73,74,61,7,7
64:91,90,55,39,5
73:10,6,81,50,
51:25,19,8
91:64,18,68,65,62,57,30,52,44,
99:3,42,47,77,1
84:77,36,87,83,43,63,9
88:85,86,67,97,9
20:41,93,80,2,29,40,3
13:
36:8
33:65,70,74,48,6
93:11,20,3,70,4,77,26,46,61,8
12:44,19,83,9
71:11,83,4
92:11,19,61,6
