4,11,0,50,97,27,33,23,54,32,47,24,28,1,30,2,39,55,70,18,68,17,74,25,62,31,41,3,95,79,78
92,66,40,14,88,75,61,81,48,93,83,44,72,87,12,58,99,15,67,8,76,56,22,10,52,35,5,34,85,96
46,82,63,69,60,21,20,36,86,90,13,7,37,6,53,57,71,9,42,16,80,19,49,73,64,77,84,91,98,51
45,94,26,38,65,43,29,59,89
---
4:95,36,20,65,40,44,6,80,1
18:25,0,39,22,92,68,7
5:10,5
31:27,87,76,62,4
42:97,60,
48:98,93,8
87:31,72,1
45:75,9
21:60,2
66:39,9
10:5,58,22,5
95:4,23,
96:81,82,46,85,8
8:74,44,6
57:88,5
61:75,86,8
37:88,71,6,0,
86:19,11,36,90,6
72:44,79,6,77,23,20,74,8
76:31,6
0:79,41,18,65,15,11,37,5
40:92,4,1
75:45,93,88,6
25:18,38,73,58,74,6
65:17,0,4,3
90:24,53,13,86,8
70:22,18,97,5
39:92,66,49,18,55,
14:88,4
2:7,34,63,30,3
49:62,36,3
28:2
55:56,26,29,99,39,7
62:36,27,49,11,31,2
23:12,6,95,82,72,33,35,81,5
50:53,11,97,
11:98,50,62,86,0,
1:78,24,52,3
59:
53:83,50,90,6,5
24:90,1,28,4
54:38,27,32,2
60:42,21,6
79:91,0,3,29,35,72,7
17:65,74,6
56:55,67,41,3
80:9,
68:12,58,83,27,41,17,1
98:11,4
16:
77:58,72,8
29:79,5
3:79,95,4
41:0,56,68,3,3
67:22,56,15,27,76,
43:32,3
19:8
7:2,30,37,1
78:1,99,38,79,88,9
82:96,2
15:0,67,9
47:24,3
52:1,5,10,3
97:42,50,70,2
58:35,68,10,77,25,12,9
30:7,83,1,93,
32:43,13,56,54,4
35:58,79,23,5
22:67,33,64,70,69,18,34,1
44:8,91,72,4,8
63:85,27,
69:73,22,6
9:71,80,16,4
27:31,62,63,54,68,67,33,9
81:96,51,46,48,23,6
26:88,5
74:8,83,17,72,2
34:85,2,2
85:34,63,12,9
83:93,53,68,74,30,90,96,4
38:54,43,25,78,6
46:96,8
94:4
89:
6:23,53,72,37,
64:2
73:69,2
51:8
91:79,44,8
99:78,58,55,1
84:91,7
88:37,57,14,26,75,7
20:36,4,72,2
13:32,90,
36:20,62,49,4,12,8
33:22,23,2
93:83,75,30,4
12:68,23,36,85,58,8
71:9,3
92:39,40,66,18,7
