440,379,197,326,134,171,321,59,336,76,378,86,300,342,314,387,25,166,422,221,372,260,115,23,334,345,458,263,348,188,351
61,361,482,414,382,385,232,227,344,269,107,195,337,123,408,407,179,228,122,461,398,93,275,319,241,445,175,386,480,117
143,145,282,40,180,280,75,362,196,317,390,183,413,156,416,91,247,194,259,237,277,218,191,207,2,426,302,234,384,176
230,121,350,128,34,419,383,324,288,219,216,358,240,210,349,467,245,185,409,279,19,132,9,173,28,94,391,346,273,85
170,267,333,1,106,443,429,436,146,69,451,63,7,202,448,148,242,255,81,463,490,297,186,377,343,335,239,468,478,108
433,380,206,489,375,18,293,161,257,45,78,72,287,10,340,44,74,189,462,286,427,412,400,357,30,150,488,369,477,201
248,330,222,444,177,120,325,236,469,114,253,16,211,486,235,163,296,199,381,212,67,294,420,464,5,100,298,8,162,214
17,98,3,459,339,135,371,187,483,417,101,62,487,182,388,41,306,310,233,172,246,46,250,303,404,27,456,494,258,164
474,79,360,410,109,238,453,374,254,252,4,154,424,425,49,153,169,65,284,359,431,272,158,476,338,305,90,249,77,355
264,251,53,125,226,497,364,174,466,32,139,157,439,492,116,73,312,353,365,320,13,406,397,152,0,484,95,270,393,498
435,48,223,450,499,11,403,265,198,276,262,68,181,83,460,278,138,285,231,110,111,291,14,268,92,97,493,43,208,37
225,55,292,415,205,313,356,204,84,136,224,327,215,389,64,449,113,347,323,96,465,496,22,147,200,89,281,203,21,142
457,87,311,126,54,441,301,190,60,229,124,266,130,220,395,495,470,112,52,141,447,438,151,454,167,127,437,485,31,473
144,192,243,102,421,165,66,131,455,256,328,149,366,6,318,316,352,20,155,29,193,36,47,217,430,434,432,479,411,26
396,261,331,105,58,271,315,70,428,401,446,71,290,283,24,329,442,394,38,15,51,159,57,308,140,472,50,178,42,129
104,299,295,354,367,39,392,274,184,307,471,309,160,137,289,244,370,373,88,363,341,119,452,12,209,399,402,213,376,304
35,481,418,423,103,405,368,322,475,133,168,118,491,56,80,332,82,99,33
---
440:114,46,37
459:339,293,188,
5:408,231,100,46
164:493,251,354,377,474,25
370:114,48
411:47
248:0,435,231,273,381,26,53,330,20
397:406,15
198:171,276,26
304:288,216,3
301:54,342,19
390:317,349,413,483,18
469:163,73,372,114,23
162:232,72,214,
444:254,488,222,353,17
114:179,305,440,370,143,253,46
87:464,412,142,395,311,34
334:174,496,185,402,23,460,18,462,146,458,34
66:149,253,243,13
10:67,287,266,421,34
105:431,3,33
398:90,247,461,9
145:112,282,14
471:381,30
113:316,323,227,449,34
497:221,353,364,94,226,33
309:230,100,195,16
495:395,156,112,364,47
191:26,207,21
375:215,489,474,264,1
446:116,371,401,26
256:242,45
356:434,78,204,205,40
86:472,67,259,236,378,30
426:481,450,2,443,178,100,30
120:488,363,177,139,32
429:65,428,443,134,178,285,192,43
300:21,86,34
367:258,1
210:94,139,476,240,34
271:58,326,24,31
296:247,235,20
364:497,379,495,466,17
319:214,283,268,360,275,24
274:16,76,392,40
288:304,324,21
379:23,73,70,287,364,308,440,19
127:45,16
129:340,346,4
322:
39:317,232,63,487,387,15
215:375,32
14:110,97,26
2:435,138,343,426,20
276:261,198,292,26
152:140,308,397,
155:177,22
257:89,45,196,16
470:49
310:253,4
23:379,334,37
224:29,155,136,389,327,10
244:38
11:403,49
252:13,422,492,374,229,90,
142:87,457,2
24:245,271,32
378:9,135,96,238,86,7
323:31,113,9
208:269,37,173,43,13
284:6
488:435,4,444,414,120,369,15
478:468,10
250:46,403,220,30
176:110,60,249,230,38
289:324,45,42
171:198,481,321,13
345:342,33
475:
405:48
486:380,278,59,370,89,235,21
324:289,288,38
466:381,153,32,36
235:199,296,486,16
122:462,376,53,435,186,461,22
261:331,276,12
358:492,382,240,21
481:426,17
315:271,71,7
211:178,486,1
412:225,84,87,154,484,333,165,427,40
496:334,465,2
189:57,28,12,74,46
487:39,62,18
368:38
260:115,37
136:188,20,224,8
32:218,489,165,442,126,104,466,13
149:6
333:44,412,267,
35:41
428:429,7
361:61,144,48
22:205,496,15
107:253,116,307,305,84,224,269,19
404:27,219,30
494:200,456,25
355:158,251,26
205:292,144,22,356,31
251:173,164,95,293,125,355,5
485:437,34
336:79,37,366,180,59,73,36,7
347:342,67,18,11
392:274,188,41
115:26
359:59,431,227,16
408:5,280,356,179,407,12
357:400,3
185:307,3,308,245,334,40
74:454,377,409,220,44,18
417:369,131,392,450,101,48
34:128,249,304,38,88,499,41
340:339,129,17,87,44,1
430:21
101:432,62,41
38:436,394,461,275,34,1
89:257,200,281,48
299:277,42
396:13
377:74,230,164,343,18
133:
329:436,325,2
318:
199:415,381,23
12:18
71:490,350,290,31
18:109,313,347,312,293,334,37
351:338,167,61,18
462:122,286,334,18
343:377,335,2,76,27
432:101,76,13
165:32,73,412,381,24
110:176,46,14,111,23
476:338,158,21
227:233,359,113,169,360,344,23
317:313,39,390,19
42:73,239,12
454:74,151,21
212:410,420,422,454,437,453,381,6
424:4,425,24
48:43
283:319,467,228,349,290,15
45:395,209,55,289,97,257,127,337,7
21:447,484,142,300,20
254:444,8,37
286:452,462,42
320:13,36
95:78,413,251,484,27
242:132,438,424,256,394,81,148,25
96:147,173,378,323,46
57:189,15
61:361,35
433:108,159,38
477:36
37:427,240,208,336,14
295:45
128:34,35
76:64,432,274,305,343,336,37
360:325,450,15,79,275,453,319,410,22
0:248,152,48
489:264,32,375,38
75:26,157,362,28
372:469,226,221,434,23,26
25:380,166,38
291:111,482,40
168:
342:234,347,40,63,301,345,314,30
197:326,37
90:398,269,338,25
328:13
461:38,398,12
311:87,220,12
468:478,23
436:467,38,435,329,63,170,429,14
431:105,359,134,384,27
49:55,167,94,153,42
104:344,303,177,3
178:50,429,426,21
121:394,350,23
100:465,309,154,124,8,298,426,
138:2,460,396,479,432,28
350:184,71,121,123,12
237:464,277,25
159:57,484,43
335:321,343,174,23
339:340,459,268,153,13
387:232,216,368,39,314,2
130:186,126,21
483:294,187,390,41
59:359,486,336,32
157:75,13
363:12
270:419,246,393,9
17:327,184,217,214,98,34
200:203,494,349,89,234,14
68:262,83,420,18
225:412,4
395:45,495,169,346,87,45
253:415,310,107,114,66,16,28
243:366,66,165,482,102,19
77:337,15
465:100,496,448,9
326:271,249,197,282,13
406:13,180,472,467,39
172:246,302,23
416:29,173,175,239,15,91,15
204:193,84,35
207:220,2,19
331:261,28,10
190:385,301,6
451:1,117,6
67:449,347,10,86,150,294,21
43:292,55,225,493,20
422:161,252,212,166,216,344,403,236,22
458:84,395,334,275,26
52:11
389:220,449,64,22
153:263,435,192,464,466,339,49,16
58:442,271,49
414:488,382,48
30:140,150,35
141:11
337:77,374,195,45,497,341,12
184:17,35
167:351,447,49,409,12
112:141,145,495,52,362,27
63:382,39,371,436,342,325,
69:451,14
109:18,287,240,41
169:395,305,359,65,227,15
27:404,456,11
418:38
305:114,297,169,76,107,33
192:31,153,6,429,24
467:436,283,406,245,34
229:252,124,6
415:253,199,445,29
222:474,444,180,33
403:250,91,11,422,26
327:17,427,215,22
386:139,418,117,480,17
73:42,469,379,165,312,116,33
230:174,377,309,176,12
51:39
91:348,403,416,24
137:160,49
179:114,228,40
453:295,374,360,21
493:164,262,223,43,28
111:291,11
166:154,422,2
118:
382:63,423,414,358,139,154,38
448:465,195,148,20
92:148,26
294:455,483,421,67,346,42
4:424,488,259,252,15
445:415,293,241,269,17
206:228,195,259,38
119:143,42
307:185,8,107,471,34
400:240,338,291,357,41
240:37,109,400,425,60,358,21
290:435,71,28
498:268,144,435,39
193:204,8,321,3
150:457,67,30,283,39,22,48
239:42,416,335,46
371:446,187,63,13
306:4
484:159,412,21,391,233,0,9
472:86,40
8:193,254,307,162,10
263:153,266,446,348,45
338:293,351,490,249,90,476,400,30
264:489,346,375,35
463:344,81,49
231:248,5,110,28
72:162,287,7
160:137,259,30
394:121,38,242,236,44
491:5
135:378,371,180,33
126:32,130,311,5
40:241,282,342,18
146:69,334,43
293:338,94,459,445,251,161,1
148:92,282,242,44
439:259,492,232,13
173:251,416,96,376,183,208,132,2
186:139,130,435,377,122,29
70:401,420,379,428,31
437:447,485,21
55:45,43,4
103:42
62:308,101,285,48
213:9
249:176,338,326,3
441:5
385:181,190,232,38
269:208,90,445,107,34
1:451,302,106,33
449:67,389,20,11
262:493,68,27
384:431,161,176,23
54:301,126,44
490:338,71,137,297,46
287:265,109,455,379,10,7
60:176,266,240,190,22
56:49
380:486,25,489,206,175,43
457:150,14
313:317,18,20
474:222,353,164,375,492,7
314:279,387,34
98:17,
267:333,17
182:233,41,487,38
125:226,25
479:26,123,411,13
292:43,205,415,27
388:132,18
29:275,416,22
409:167,74,102,274,185,27
156:245,495,416,41
413:95,390,156,18
19:132,27
177:104,155,120,44
423:382,10
312:50,18,353,73,4
15:360,416,247,3
47:3
232:162,387,39,385,330,439,22
443:429,106,42
223:493,450,43
344:104,238,463,143,422,383,485,307,269,22
236:394,325,86,422,46
44:333,340,312,7
203:200,2
221:366,497,372,42
265:287,198,40
234:131,342,200,384,30
366:221,243,33
391:402,484,216,346,9
330:442,232,222,24
464:87,237,153,473,419,420,
425:424,240,299,4
81:154,84,228,242,46
285:62,493,429,231,13
452:28
85:170,27
83:68,352,46
46:110,250,440,24
410:238,109,212,420,36
131:417,234,328,455,6
228:179,206,283,81,143,12
163:469,23
158:355,77,272,47
499:58,11,34,45
84:458,412,102,204,81,107,13
88:247,34,37
194:259,24
20:136,44
13:406,252,32
399:209,10
93:362,341,419,275,39
427:37,450,327,286,119,41
277:299,434,7,237,21
279:314,343,112,19,40
492:358,252,474,43
31:323,192,47
316:113,35
116:446,139,107,73,28
201:369,341,296,24
255:24
174:334,230,335,36
401:70,44
144:205,498,361,47
195:348,206,309,448,337,10
383:324,344,41
220:389,207,250,74,31
216:304,387,391,422,219,35
246:172,270,64,4
455:245,287,294,362,256,13
369:417,117,151,488,201,47
180:406,222,135,280,336,4
106:443,
188:136,459,381,392,351,34
247:421,88,398,15,296,194,9
147:96,20
303:104,280,250,40
282:16,148,40,145,32
374:453,252,254,33
456:27,49
117:369,451,27,386,362,14
202:7,44
65:429,284,16
420:212,70,289,68,410,294,46
187:371,483,34
209:45,39
218:32,277,130,19
353:497,474,444,365,31
132:242,143,19,208,388,173,
321:335,193,171,5
298:10
28:402,189,331,94,123,17
460:138,278,334,8
280:303,253,408,180,116,7
102:84,421,409,24
268:339,92,498,14,31
50:178,31
139:186,210,116,386,382,120,32,439,15
362:455,117,93,112,75,19
181:385,6
402:28,391,33
259:161,160,4,206,439,194,86,16,23
53:122,248,25
123:479,261,350,28,408,33
376:173,12
175:416,380,386,44
154:166,412,100,81,382,
278:486,46
79:336,360,47
226:125,372,49
80:
346:264,395,391,129,294,27
16:282,274,253,367,259,21
233:182,227,484,17
435:2,488,248,153,436,290,223,498,186,122,4
214:319,162,1
281:8
393:51,498,27
341:93,201,33
258:367,219,164,49
275:170,29,38,360,93,458,31
325:360,329,373,236,120,6
407:40
217:430,36,1
447:437,167,21,43
3:185,105,459,98,34
41:310,306,18
348:195,91,263,18
349:200,390,283,187,3,467,21
7:202,277,6
273:183,248,85,34
332:
78:95,356,45,7
82:
308:62,185,152,37
97:45,1
266:263,60,1
381:244,466,471,199,188,165,248,21
473:31,464,14
480:38
143:132,119,114,37,344,145,228,11
183:273,173,219,413,39
365:353,32
161:259,422,384,257,29
170:275,85,436,26
482:291,405,361,243,41
196:257,317,36
9:378,13
421:247,102,294,1
419:35,270,93,464,383,3
140:30,15
134:431,108,429,326,17
297:305,490,18
26:479,75,191,24
354:16
108:134,399,433,47
450:427,426,360,223,417,49
245:455,156,24,185,46
373:325,8
94:210,293,497,213,49,28,39
241:40,445,31
6:192,31
64:76,389,24
434:277,356,37
272:158,43
238:344,410,37
302:1,172,426,23
352:83,31
219:404,258,183,288,21
124:100,22
99:
442:58,330,32,39
151:369,438,45
36:217,47,336,19
33:
438:242,151,44
