17,15,28,21,0,33,2,45,46,5,37,34,36,41,48,22,11,9,26,18,4,27,20,14,40,25,16,1,38,47,42
44,30,43,31,24,39,49,29,32,35,6,8,19,3,13,12,10,7,23
---
17:5,46,29,1
4:22,27,9,1
18:44,26,
5:17,36,38,37,4
31:35,24,46,4
16:3,42,40,43,
42:16,2,1,48,4
48:41,42,2
29:32,46,14,17,4
45:35,46,
21:47,39,28,44,
3:16,1
10:4
41:1,9,10,48,3
43:19,6,16,3
19:4
7:2
15:9,17,2
47:21,1,4
8:26,
37:11,0,33,5,3
30:4
0:6,11,37,33,2
40:16,25,1
32:29,1
35:31,4
25:4
22:4,38,11,4
44:30,2,18,21,4
9:41,4,15,46,26,1
39:21,49,11,2
14:13,20,11,29,4
27:4,49,20,1
2:42,44,45,3
49:26,27,11,39,46,2
28:46,24,21,1
26:8,49,6,9,38,1
23:
34:36,3
38:20,22,5,26,
46:28,29,49,9,31,45,47,17,
6:0,43,26,
11:37,0,22,14,32,49,12,39,27,
1:41,42,47,16,3
24:28,33,31,3
20:38,14,2
13:12,14,
36:41,34,
33:24,0,37,
12:13,1
