27,79,9,29,19,8,6,60,70,42,30,4,56,76,71,58,41,49,54,16,62,57,43,31,37,69,7,75,21,40,52
51,39,77,20,67,24,50,36,28,53,68,18,25,22,10,61,11,55,65,2,32,33,14,17,72,66,63,64,59,74
48,73,78,15,5,34,47,3,12,35,46,1,23,13,0,38,44,45,26
---
27:44,52,15,77,7
46:
1:16,70,77,3
14:3
69:66,7,3
71:37,70,58,7
66:69,17,63,
24:10,79,49,64,16,50,6
7:75,60,6
64:75,17,20,24,5
15:56,27,7
34:47,5
13:5
60:7,51,26,56,6,7
79:44,43,63,41,68,24,17,9,2
21:19,7
32:28,6
9:62,70,75,29,7
44:79,27,3
45:7
78:48,5,18,58,1
65:61,32,6,
72:1
62:9,57,1
30:19,42,50,44,
28:35,32,50,5
26:6
49:48,11,24,39,41,5
58:71,38,78,4
6:47,19,22,65,8,6
4:61,47,16,30,5
47:4,34,77,6,
42:74,30,70,
5:78,37,51,7
22:53,25,
56:0,15,76,60,
12:70,29,35,
37:71,39,5,16,31,6
39:37,49,77,5
19:30,43,6,29,21,
50:11,28,30,24,3
0:51,56,2
55:76,1
33:14,25,5
29:52,0,9,12,1
52:29,51,27,4
75:64,7,9,40,2
77:23,47,1,20,27,3
68:70,18,79,5
17:25,76,64,41,66,72,40,7
41:3,17,79,61,16,49,5
3:41,46,47,1
73:4
70:45,1,68,71,9,12,42,6
31:1,37,4
57:36,59,43,6
43:79,19,57,3
48:78,49,54,73,7
18:68,78,2
54:48,33,16,4
61:4,8,41,65,10,1
16:1,41,37,4,54,24,6
36:57,5
38:5
76:17,55,71,5
59:74,57,6
10:24,25,53,6
40:35,17,75,5
35:28,40,1
8:61,66,42,19,
63:79,6
25:17,33,10,22,1
20:64,67,7
23:7
74:42,59,5,4
2:6
67:20,2
51:0,52,60,5,13,3
11:50,49,61,5
53:22,28,10,34,6
